$ ./gauss.exe



   2.0000000000000000        3.0000000000000000       -1.0000000000000000      |   1.0000000000000000
   4.0000000000000000        7.0000000000000000        1.0000000000000000      |   3.0000000000000000
   7.0000000000000000        10.000000000000000       -4.0000000000000000      |   4.0000000000000000

 Gaussian elimination........
 ***********************
   2.0000000000000000        3.0000000000000000       -1.0000000000000000      |   1.0000000000000000
   0.0000000000000000        1.0000000000000000        3.0000000000000000      |   1.0000000000000000
   0.0000000000000000        0.0000000000000000        2.0000000000000000      |   2.0000000000000000

 back subs......
 ***********************
   4.0000000000000000        0.0000000000000000        0.0000000000000000      |   16.000000000000000
   0.0000000000000000        2.0000000000000000        0.0000000000000000      |  -4.0000000000000000
   0.0000000000000000        0.0000000000000000        2.0000000000000000      |   2.0000000000000000
 The solutions are:
   4.0000000000000000
  -2.0000000000000000
   1.0000000000000000
